0.000000e+00 0.000000e+00
1.000000e-03 0.000000e+00
2.000000e-03 0.000000e+00
3.000000e-03 0.000000e+00
4.000000e-03 0.000000e+00
5.000000e-03 0.000000e+00
6.000000e-03 0.000000e+00
7.000000e-03 1.999974e-03
8.000000e-03 1.100004e-02
9.000000e-03 2.999997e-02
1.000000e-02 5.799997e-02
1.100000e-02 9.099996e-02
1.200000e-02 1.270000e-01
1.300000e-02 1.620001e-01
1.400000e-02 1.940000e-01
1.500000e-02 2.230000e-01
1.600000e-02 2.460001e-01
1.700000e-02 2.640001e-01
1.800000e-02 2.760000e-01
1.900000e-02 2.840000e-01
2.000000e-02 2.860000e-01
2.100000e-02 2.850000e-01
2.200000e-02 2.790000e-01
2.300000e-02 2.710000e-01
2.400000e-02 2.610000e-01
2.500000e-02 2.490000e-01
2.600000e-02 2.350000e-01
2.700000e-02 2.210000e-01
2.800000e-02 2.060000e-01
2.900000e-02 1.910000e-01
3.000000e-02 1.760000e-01
3.100000e-02 1.620001e-01
3.200000e-02 1.480000e-01
3.300000e-02 1.330000e-01
3.400000e-02 1.180000e-01
3.500000e-02 1.040000e-01
3.600000e-02 9.000003e-02
3.700000e-02 7.700002e-02
3.800000e-02 6.500006e-02
3.900000e-02 5.400002e-02
4.000000e-02 4.299998e-02
4.100000e-02 3.299999e-02
4.200000e-02 2.400005e-02
4.300000e-02 1.600003e-02
4.400000e-02 8.000016e-03
4.500000e-02 1.000047e-03
4.600000e-02 -6.000042e-03
4.700000e-02 -1.199996e-02
4.800000e-02 -1.699996e-02
4.900000e-02 -2.199996e-02
5.000000e-02 -2.699995e-02
5.100000e-02 -3.100002e-02
5.200000e-02 -3.400004e-02
5.300000e-02 -3.699994e-02
5.400000e-02 -3.999996e-02
5.500000e-02 -4.199994e-02
5.600000e-02 -4.400003e-02
5.700000e-02 -4.600000e-02
5.800000e-02 -4.799998e-02
5.900000e-02 -4.900002e-02
6.000000e-02 -5.100000e-02
6.100000e-02 -5.200005e-02
6.200000e-02 -5.299997e-02
6.300000e-02 -5.400002e-02
6.400000e-02 -5.400002e-02
6.500000e-02 -5.499995e-02
6.600000e-02 -5.599999e-02
6.700000e-02 -5.700004e-02
6.800000e-02 -5.700004e-02
6.900000e-02 -5.799997e-02
7.000000e-02 -5.900002e-02
7.100000e-02 -5.900002e-02
7.200000e-02 -5.999994e-02
7.300000e-02 -5.999994e-02
7.400000e-02 -5.999994e-02
7.500000e-02 -6.099999e-02
7.600000e-02 -6.099999e-02
7.700000e-02 -6.099999e-02
7.800000e-02 -6.099999e-02
7.900000e-02 -6.099999e-02
8.000000e-02 -6.099999e-02
8.100000e-02 -6.099999e-02
8.200000e-02 -6.099999e-02
8.300000e-02 -6.099999e-02
8.400000e-02 -6.099999e-02
8.500000e-02 -6.099999e-02
8.600000e-02 -5.999994e-02
8.700000e-02 -5.999994e-02
8.800000e-02 -5.999994e-02
8.900000e-02 -5.900002e-02
9.000000e-02 -5.900002e-02
9.100000e-02 -5.799997e-02
9.200000e-02 -5.799997e-02
9.300000e-02 -5.700004e-02
9.400000e-02 -5.700004e-02
9.500000e-02 -5.599999e-02
9.600000e-02 -5.599999e-02
9.700000e-02 -5.499995e-02
9.800000e-02 -5.400002e-02
9.900000e-02 -5.400002e-02
1.000000e-01 -5.299997e-02
1.010000e-01 -5.299997e-02
1.020000e-01 -5.200005e-02
1.030000e-01 -5.100000e-02
1.040000e-01 -5.100000e-02
1.050000e-01 -4.999995e-02
1.060000e-01 -4.999995e-02
1.070000e-01 -4.900002e-02
1.080000e-01 -4.900002e-02
1.090000e-01 -4.799998e-02
1.100000e-01 -4.699993e-02
1.110000e-01 -4.699993e-02
1.120000e-01 -4.600000e-02
1.130000e-01 -4.600000e-02
1.140000e-01 -4.499996e-02
1.150000e-01 -4.499996e-02
1.160000e-01 -4.400003e-02
1.170000e-01 -4.299998e-02
1.180000e-01 -4.299998e-02
1.190000e-01 -4.199994e-02
1.200000e-01 -4.199994e-02
1.210000e-01 -4.100001e-02
1.220000e-01 -4.100001e-02
1.230000e-01 -3.999996e-02
1.240000e-01 -3.999996e-02
1.250000e-01 -3.900003e-02
1.260000e-01 -3.900003e-02
1.270000e-01 -3.799999e-02
1.280000e-01 -3.799999e-02
1.290000e-01 -3.699994e-02
1.300000e-01 -3.699994e-02
1.310000e-01 -3.699994e-02
1.320000e-01 -3.600001e-02
1.330000e-01 -3.600001e-02
1.340000e-01 -3.499997e-02
1.350000e-01 -3.499997e-02
1.360000e-01 -3.400004e-02
1.370000e-01 -3.400004e-02
1.380000e-01 -3.299999e-02
1.390000e-01 -3.299999e-02
1.400000e-01 -3.299999e-02
1.410000e-01 -3.199995e-02
1.420000e-01 -3.199995e-02
1.430000e-01 -3.100002e-02
1.440000e-01 -3.100002e-02
1.450000e-01 -2.999997e-02
1.460000e-01 -2.999997e-02
1.470000e-01 -2.999997e-02
1.480000e-01 -2.900004e-02
1.490000e-01 -2.900004e-02
1.500000e-01 -2.900004e-02
1.510000e-01 -2.800000e-02
1.520000e-01 -2.800000e-02
1.530000e-01 -2.699995e-02
1.540000e-01 -2.699995e-02
1.550000e-01 -2.699995e-02
1.560000e-01 -2.600002e-02
1.570000e-01 -2.600002e-02
1.580000e-01 -2.600002e-02
1.590000e-01 -2.499998e-02
1.600000e-01 -2.499998e-02
1.610000e-01 -2.499998e-02
1.620000e-01 -2.399993e-02
1.630000e-01 -2.399993e-02
1.640000e-01 -2.399993e-02
1.650000e-01 -2.300000e-02
1.660000e-01 -2.300000e-02
1.670000e-01 -2.300000e-02
1.680000e-01 -2.199996e-02
1.690000e-01 -2.199996e-02
1.700000e-01 -2.199996e-02
1.710000e-01 -2.100003e-02
1.720000e-01 -2.100003e-02
1.730000e-01 -2.100003e-02
1.740000e-01 -2.100003e-02
1.750000e-01 -1.999998e-02
1.760000e-01 -1.999998e-02
1.770000e-01 -1.999998e-02
1.780000e-01 -1.999998e-02
1.790000e-01 -1.899993e-02
1.800000e-01 -1.899993e-02
1.810000e-01 -1.899993e-02
1.820000e-01 -1.800001e-02
1.830000e-01 -1.800001e-02
1.840000e-01 -1.800001e-02
1.850000e-01 -1.800001e-02
1.860000e-01 -1.699996e-02
1.870000e-01 -1.699996e-02
1.880000e-01 -1.699996e-02
1.890000e-01 -1.699996e-02
1.900000e-01 -1.699996e-02
1.910000e-01 -1.600003e-02
1.920000e-01 -1.600003e-02
1.930000e-01 -1.600003e-02
1.940000e-01 -1.600003e-02
1.950000e-01 -1.499999e-02
1.960000e-01 -1.499999e-02
1.970000e-01 -1.499999e-02
1.980000e-01 -1.499999e-02
1.990000e-01 -1.499999e-02
2.000000e-01 -1.399994e-02
2.010000e-01 -1.399994e-02
2.020000e-01 -1.399994e-02
2.030000e-01 -1.399994e-02
2.040000e-01 -1.399994e-02
2.050000e-01 -1.300001e-02
2.060000e-01 -1.300001e-02
2.070000e-01 -1.300001e-02
2.080000e-01 -1.300001e-02
2.090000e-01 -1.300001e-02
2.100000e-01 -1.199996e-02
2.110000e-01 -1.199996e-02
2.120000e-01 -1.199996e-02
2.130000e-01 -1.199996e-02
2.140000e-01 -1.199996e-02
2.150000e-01 -1.100004e-02
2.160000e-01 -1.100004e-02
2.170000e-01 -1.100004e-02
2.180000e-01 -1.100004e-02
2.190000e-01 -1.100004e-02
2.200000e-01 -1.100004e-02
2.210000e-01 -9.999990e-03
2.220000e-01 -9.999990e-03
2.230000e-01 -9.999990e-03
2.240000e-01 -9.999990e-03
2.250000e-01 -9.999990e-03
2.260000e-01 -9.999990e-03
2.270000e-01 -8.999944e-03
2.280000e-01 -8.999944e-03
2.290000e-01 -8.999944e-03
2.300000e-01 -8.999944e-03
2.310000e-01 -8.999944e-03
2.320000e-01 -8.999944e-03
2.330000e-01 -8.999944e-03
2.340000e-01 -8.000016e-03
2.350000e-01 -8.000016e-03
2.360000e-01 -8.000016e-03
2.370000e-01 -8.000016e-03
2.380000e-01 -8.000016e-03
2.390000e-01 -8.000016e-03
2.400000e-01 -8.000016e-03
2.410000e-01 -8.000016e-03
2.420000e-01 -6.999969e-03
2.430000e-01 -6.999969e-03
2.440000e-01 -6.999969e-03
2.450000e-01 -6.999969e-03
2.460000e-01 -6.999969e-03
2.470000e-01 -6.999969e-03
2.480000e-01 -6.999969e-03
2.490000e-01 -6.999969e-03
2.500000e-01 -6.999969e-03
2.510000e-01 -6.000042e-03
2.520000e-01 -6.000042e-03
2.530000e-01 -6.000042e-03
2.540000e-01 -6.000042e-03
2.550000e-01 -6.000042e-03
2.560000e-01 -6.000042e-03
2.570000e-01 -6.000042e-03
2.580000e-01 -6.000042e-03
2.590000e-01 -6.000042e-03
2.600000e-01 -6.000042e-03
2.610000e-01 -4.999995e-03
2.620000e-01 -4.999995e-03
2.630000e-01 -4.999995e-03
2.640000e-01 -4.999995e-03
2.650000e-01 -4.999995e-03
2.660000e-01 -4.999995e-03
2.670000e-01 -4.999995e-03
2.680000e-01 -4.999995e-03
2.690000e-01 -4.999995e-03
2.700000e-01 -4.999995e-03
2.710000e-01 -4.999995e-03
2.720000e-01 -3.999949e-03
2.730000e-01 -3.999949e-03
2.740000e-01 -3.999949e-03
2.750000e-01 -3.999949e-03
2.760000e-01 -3.999949e-03
2.770000e-01 -3.999949e-03
2.780000e-01 -3.999949e-03
2.790000e-01 -3.999949e-03
2.800000e-01 -3.999949e-03
2.810000e-01 -3.999949e-03
2.820000e-01 -3.999949e-03
2.830000e-01 -3.999949e-03
2.840000e-01 -3.999949e-03
2.850000e-01 -3.999949e-03
2.860000e-01 -3.000021e-03
2.870000e-01 -3.000021e-03
2.880000e-01 -3.000021e-03
2.890000e-01 -3.000021e-03
2.900000e-01 -3.000021e-03
2.910000e-01 -3.000021e-03
2.920000e-01 -3.000021e-03
2.930000e-01 -3.000021e-03
2.940000e-01 -3.000021e-03
2.950000e-01 -3.000021e-03
2.960000e-01 -3.000021e-03
2.970000e-01 -3.000021e-03
2.980000e-01 -3.000021e-03
2.990000e-01 -3.000021e-03
3.000000e-01 -3.000021e-03
3.010000e-01 -3.000021e-03
3.020000e-01 -3.000021e-03
3.030000e-01 -1.999974e-03
3.040000e-01 -1.999974e-03
3.050000e-01 -1.999974e-03
3.060000e-01 -1.999974e-03
3.070000e-01 -1.999974e-03
3.080000e-01 -1.999974e-03
3.090000e-01 -1.999974e-03
3.100000e-01 -1.999974e-03
3.110000e-01 -1.999974e-03
3.120000e-01 -1.999974e-03
3.130000e-01 -1.999974e-03
3.140000e-01 -1.999974e-03
3.150000e-01 -1.999974e-03
3.160000e-01 -1.999974e-03
3.170000e-01 -1.999974e-03
3.180000e-01 -1.999974e-03
3.190000e-01 -1.999974e-03
3.200000e-01 -1.999974e-03
3.210000e-01 -1.999974e-03
3.220000e-01 -1.999974e-03
3.230000e-01 -1.999974e-03
3.240000e-01 -1.000047e-03
3.250000e-01 -1.000047e-03
3.260000e-01 -1.000047e-03
3.270000e-01 -1.000047e-03
3.280000e-01 -1.000047e-03
3.290000e-01 -1.000047e-03
3.300000e-01 -1.000047e-03
3.310000e-01 -1.000047e-03
3.320000e-01 -1.000047e-03
3.330000e-01 -1.000047e-03
3.340000e-01 -1.000047e-03
3.350000e-01 -1.000047e-03
3.360000e-01 -1.000047e-03
3.370000e-01 -1.000047e-03
3.380000e-01 -1.000047e-03
3.390000e-01 -1.000047e-03
3.400000e-01 -1.000047e-03
3.410000e-01 -1.000047e-03
3.420000e-01 -1.000047e-03
3.430000e-01 -1.000047e-03
3.440000e-01 -1.000047e-03
3.450000e-01 -1.000047e-03
3.460000e-01 -1.000047e-03
3.470000e-01 -1.000047e-03
3.480000e-01 -1.000047e-03
3.490000e-01 -1.000047e-03
3.500000e-01 -1.000047e-03
3.510000e-01 -1.000047e-03
3.520000e-01 -1.000047e-03
3.530000e-01 0.000000e+00
3.540000e-01 0.000000e+00
3.550000e-01 0.000000e+00
3.560000e-01 0.000000e+00
3.570000e-01 0.000000e+00
3.580000e-01 0.000000e+00
3.590000e-01 0.000000e+00
3.600000e-01 0.000000e+00
