27
1636
11
90
3040
262
954
2429
42
924
2294
42
52
1147
2396
1876
7613
354
2435
60
145
2445
47
65
60
52
402
2435
46
30
1477
1431
73
1085
915
3039
2041
5381
3937
52
381
406
17
19
44
2630
627
28
76
74
457
37
41
30
1794
4701
1265
2253
964
45
12
54
4418
2676
560
513
5809
179
1748
188
434
873
632
666
1585
54
39
793
801
25
21
61
2770
27
11
620
37
2002
748
34
1613
4038
279
37
59
3
9
2217
45
500
823
752
44
2948
27
4922
4657
14
19
690
716
5673
17
46
1930
4204
36
32
5813
952
31
776
1053
1176
1066
954
3435
1683
3353
611
1572
29
3207
921
53
1482
2090
887
556
687
813
1313
48
2074
11
5086
559
957
41
63
22
488
40
2095
647
1421
3037
870
933
77
23
677
32
37
1429
396
6
1396
788
1060
163
1017
568
47
1807
9
2045
96
20
2298
572
977
30
46
3128
1269
40
8
1183
37
619
6490
56
39
1121
224
552
8390
2120
54
1490
25
18
10
358
419
4669
432
22
53
94
5662
82
35
1278
1020
2168
2752
1687
2056
743
57
61
16
7574
749
1041
79
488
870
57
1648
2593
3266
4672
29
542
13
72
32
438
65
1416
2458
1160
2415
3688
1820
1085
1902
2656
746
1266
559
986
338
5
630
1660
44
31
1770
1282
24
732
88
1097
3429
1218
16
1033
16
145
1512
720
1695
380
636
311
1349
778
2941
251
2580
32
3092
98
70
3096
25
432
863
1329
69
1709
1884
2817
56
40
1217
44
24
68
791
720
104
336
32
57
24
4595
57
45
435
2833
1359
435
44
79
26
4046
836
937
25
2545
41
671
2988
534
25
58
774
18
2599
67
23
1721
37
337
25
1347
3335
610
52
263
6375
1991
31
1701
53
2183
1949
53
1482
20
833
643
1567
1559
2056
2020
1227
1395
2032
44
8208
1920
2100
1603
322
1146
1513
43
849
1545
1903
897
75
11
1159
80
604
1363
576
116
1713
24
30
290
1026
62
3856
4053
3169
77
4027
1150
3205
59
687
1448
1880
525
1204
11
4554
1782
53
117
5629
2211
3809
334
1709
11
776
128
1123
1787
1618
2092
3140
7
8165
1669
25
22
1883
2292
137
4394
2462
15
647
1426
34
991
927
34
1040
35
31
220
2741
67
38
746
41
701
1102
989
53
2429
1024
40
46
1752
6675
4383
141
1374
2167
726
2577
360
611
1204
1510
1030
340
48
33
2139
12
94
37
546
188
1987
29
382
20
1629
825
429
635
5
1135
31
1857
609
23
3540
15
18
5217
30
1625
200
51
20
2389
1691
1559
908
5490
1566
27
360
4860
1831
998
693
3609
11
745
1208
179
2805
78
1936
32
4122
2302
376
755
2852
25
701
1464
23
65
60
2503
2179
23
2661
5140
405
1819
1234
1259
307
295
1760
1052
304
57
160
63
23
52
1217
96
13
60
3006
958
916
73
97
27
32
5000
2868
1239
2100
1600
71
16
408
19
2381
15
829
2189
36
512
29
233
593
3987
62
50
1466
446
1279
42
52
589
407
3208
1970
2556
4922
582
34
38
33
5457
55
87
52
45
4073
325
1157
1850
689
66
1885
485
483
1142
853
1241
1376
26
2205
35
1733
49
30
2789
2836
1063
1499
1977
2656
1661
5
2891
926
5017
1061
62
4240
3151
504
660
124
11
45
2489
297
1741
6137
39
536
2163
14
187
1206
2123
1271
3819
3990
229
1847
436
1762
4748
568
2377
2074
