8449
6897
12338
2814
6979
15365
824
3936
7868
7746
11485
2793
3379
6249
6029
4390
12568
9091
11038
4102
15765
5755
9904
3706
7009
2176
3809
3448
6084
6285
16873
3707
5912
10392
14946
3284
12763
8056
11897
3785
5544
6897
6748
9773
5815
6577
2968
5101
5230
9127
4398
4809
13974
8305
7845
16926
5476
5590
2739
7001
15740
10310
13601
2831
9888
11771
9948
4487
5687
6334
18043
4715
2703
3153
4658
6076
7161
13604
12379
4950
9601
7693
12227
6211
1572
5123
13034
3668
7641
3924
13717
9802
6940
8611
12899
11561
8752
11284
14773
14041
